0.6526735584141089 -0.3655619723164499
0.6505957021369769 -0.36427031129938603
0.6497493073050742 -0.3629634942548064
0.6491160239982028 -0.3616651384435612
0.6485632575355892 -0.36035276269975414
0.6480925949361604 -0.35904445878838787
0.647652592530894 -0.3577191991260258
0.6472414024203911 -0.3563802146246206
0.646863099187698 -0.3550279541926473
0.6465095842272445 -0.3536962089712373
0.6461917316499906 -0.3524161492508977
0.6458575372246205 -0.3510405587047263
0.6455550729236846 -0.3497114121901618
0.645246739211329 -0.34830519768396934
0.6449791882267869 -0.34701089938349217
0.6446987580299619 -0.3456363824737848
0.6444208814426073 -0.3442280998519532
0.6441683282022178 -0.3428917824023073
0.6439059795817642 -0.3414741529596946
0.6436617876161279 -0.34010189998013124
0.6434183949821601 -0.338723715012398
0.6431805753146042 -0.33732817288259953
0.6429458501989285 -0.3359150234157066
0.6427213043171667 -0.33453779833400493
0.6424959838933557 -0.33310634157294283
0.6422802709716076 -0.33172185118767317
0.6420588907397928 -0.3302842329080178
0.6418510335743293 -0.3288923981382444
0.6416400317591597 -0.3274424776456928
0.6414342559674375 -0.3260409138321405
0.6412327558582477 -0.32460281719189665
0.6410277381118188 -0.32312989649469975
0.6408306945047056 -0.3217003281459063
0.6406310600337802 -0.3202236509106611
0.6404356308995667 -0.31876000209588107
0.6402456589537628 -0.31730670481471795
0.6400600357167785 -0.3158736890130043
0.6398655940159583 -0.31432257327858015
0.6396768777466288 -0.31283685772592407
0.6394981560876299 -0.3113886140786037
0.639311392860102 -0.3098604372413273
0.6391313413051055 -0.30835857924949395
0.638951335976734 -0.3068442342701702
0.6387845960610516 -0.30543775466033657
0.6386066630355305 -0.30392051446448803
0.6384195019283856 -0.30229733011318183
0.6382499030502864 -0.3007876316886324
0.63807839936179 -0.29927002243038886
0.6379007548254321 -0.29767430128703487
0.6377308228142999 -0.29613589275039043
0.6375624153235419 -0.2945881600325181
0.6373961077600097 -0.29304979442339907
0.6372273140542598 -0.2914673967282181
0.6370690435925652 -0.28997774380759317
0.6368919754060658 -0.288285757785656
0.636729681964385 -0.2867059698853397
0.6365690799152426 -0.28515179141871
0.6364047697287214 -0.28354119084462714
0.6362385519078724 -0.2818891435115848
0.6360778012518837 -0.2802765505429563
0.6359189195481143 -0.2786905927801776
0.6357566392745201 -0.2770355465529281
0.6355987272548155 -0.27541507855378267
0.6354399074433275 -0.2737583910660845
0.6352810824941161 -0.27210552566445817
0.6351245498539133 -0.2704679300886478
0.6349687009471079 -0.2688063525989949
0.6348109345515824 -0.26712923704426084
0.6346553044838246 -0.26545699849620047
0.6344985895040623 -0.2637536617154021
0.6343441255513935 -0.26207001261637447
0.6341916876406614 -0.26039228738105563
0.6340366864668087 -0.25865695956191487
0.6338863927181908 -0.2569872277635865
0.6337298910340303 -0.25523275705922827
0.6335772538601501 -0.25350494861683487
0.6334246559686748 -0.2517638794644973
0.6332772730449852 -0.25006470872323633
0.6331227518769607 -0.24829414238731867
0.632973933103938 -0.246550134531702
0.6328213961040885 -0.24476443773519668
0.6326698364988076 -0.24298028581155692
0.6325233856883953 -0.24123961169683847
0.6323688886195924 -0.23940384574602575
0.6322194997756081 -0.23761229157737543
0.6320714374281751 -0.23581180716393565
0.6319210863351374 -0.2339878161393634
0.6317731037570733 -0.23217802684199887
0.631626128138672 -0.23037354455586825
0.6314747332108064 -0.22850406075629096
0.6313300154284576 -0.22669700178964267
0.6311803985130849 -0.2248140507291119
0.6310320960475186 -0.2229461360766176
0.6308825185949986 -0.22106615125788473
0.6307361391048587 -0.21919353357568885
0.6305865534388702 -0.2172836814271111
0.6304418946174128 -0.21540558369483362
0.6302925825633492 -0.21348174712307735
0.6301443033597696 -0.21156400679167942
0.6300000768945182 -0.20965773889853187
0.6298519858023834 -0.20771749373174692
0.6297038969365951 -0.20576319387084302
0.6295597661620838 -0.20384323190832088
0.6294128244300943 -0.20188935170931827
0.6292654728753875 -0.19990363727342036
0.629117465107739 -0.19790793417374403
0.6289704796699785 -0.1959205815034352
0.6288255583982127 -0.19393252083184018
0.6286796725012396 -0.191951144506441
0.6285307946501326 -0.18990733251583672
0.6283840996939601 -0.18787708898890385
0.628238568557825 -0.1858416628106433
0.6280934621844327 -0.183814097078491
0.6279461883585209 -0.18177143480585278
0.6277983938918776 -0.17968245769869737
0.6276509379236206 -0.17759446797803738
0.6275047306773313 -0.1755262627164942
0.6273570529765072 -0.17342067621605567
0.627212558793472 -0.17133711662212686
0.6270645539859832 -0.16919904365209026
0.6269174714291785 -0.16706758113165177
0.6267699037409634 -0.1649339828434532
0.6266246446171211 -0.16281215211356007
0.6264757760007712 -0.16063560029666996
0.6263286005892976 -0.1584857145052457
0.6261803986860048 -0.1562828216811656
0.6260374230618633 -0.15417537149568955
0.6258885537588755 -0.1519423919933262
0.6257366155887861 -0.14968429547772372
0.6255930722569121 -0.14752820089699104
0.6254391159858514 -0.14521863139645552
0.6252972445445917 -0.1430484806892119
0.6251464929465131 -0.14077384216122513
0.6249949881980281 -0.1384520019597858
0.6248452335358512 -0.13616921836932305
0.6246969683485142 -0.13389550530665922
0.6245462863689233 -0.13157876552842282
0.6244002588734126 -0.12930738161664282
0.6242508463214649 -0.12699369428877005
0.6240965845150399 -0.12459462304748599
0.6239458298280843 -0.1222406094138828
0.6237983740460044 -0.11991154680531235
0.6236482774265872 -0.11754176064987933
0.6234944088990872 -0.11511780373034727
0.6233439160683001 -0.1127278158145554
0.6231978504919279 -0.11039973561959698
0.6230418340187843 -0.1079152884892784
0.6228911950092475 -0.10549922345454876
0.6227381355730394 -0.10302296695511602
0.6225845766492176 -0.10055410299973432
0.6224360898058079 -0.0981518355585929
0.6222781345097798 -0.09559024799119481
0.6221241297952865 -0.09308033153423323
0.6219690921737309 -0.09053465815352212
0.621814241149477 -0.08799856509701062
0.6216630783775282 -0.08549400429367164
0.621507296066528 -0.08293255442010003
0.6213521481155295 -0.08037346742205168
0.6211942060596813 -0.07774329778859888
0.621038794092501 -0.07515395810579628
0.6208826709645463 -0.07253462353266868
0.6207262269863486 -0.06989903203206622
0.6205698062302332 -0.06729354594803166
0.6204168271722073 -0.06470867769471723
0.6202599512082202 -0.06205067284229702
0.6200995224598819 -0.05931368777878902
0.6199375998882689 -0.05656412223061146
0.6197777095733492 -0.053835056184514014
0.6196173372733884 -0.05110132041030031
0.6194564026059333 -0.048341565922690836
0.619298670095366 -0.045603580514369635
0.6191365462071641 -0.04281616996427885
0.6189778141598395 -0.040074001647259765
0.6188146400869796 -0.03723820754224679
0.6186499028035629 -0.0343632907439857
0.6184862875194275 -0.03151276250530559
0.6183253425620362 -0.02870852115291486
0.6181611148491022 -0.025794594466339988
0.6180013140454074 -0.023009784800263895
0.4540132094961799 -0.021710425801619332
0.4540132094961799 -0.021710425801619332
0.4540132094961799 -0.021710425801619332
0.4540132094961799 -0.021710425801619332
0.4540132094961799 -0.021710425801619332
0.4540132094961799 -0.021710425801619332
0.4540132094961799 -0.021710425801619332
0.4540132094961799 -0.021710425801619332
0.4540132094961799 -0.021710425801619332
0.4540132094961799 -0.021710425801619332
0.4540132094961799 -0.021710425801619332
0.4540132094961799 -0.021710425801619332
0.4540132094961799 -0.021710425801619332
0.4540132094961799 -0.021710425801619332
0.4540132094961799 -0.021710425801619332
0.4540132094961799 -0.021710425801619332
0.4540132094961799 -0.021710425801619332
0.4540132094961799 -0.021710425801619332
0.4540132094961799 -0.021710425801619332
0.4540132094961799 -0.021710425801619332
0.4540132094961799 -0.021710425801619332
0.4540132094961799 -0.021710425801619332
0.4540132094961799 -0.021710425801619332
0.4540132094961799 -0.021710425801619332
0.4540132094961799 -0.021710425801619332
0.4540132094961799 -0.021710425801619332
0.4540132094961799 -0.021710425801619332
0.4540132094961799 -0.021710425801619332
0.4540132094961799 -0.021710425801619332
0.4540132094961799 -0.021710425801619332
0.4540132094961799 -0.021710425801619332
0.4540132094961799 -0.021710425801619332
0.4540132094961799 -0.021710425801619332
0.4540132094961799 -0.021710425801619332
0.4540132094961799 -0.021710425801619332
0.4540132094961799 -0.021710425801619332
0.4540132094961799 -0.021710425801619332
0.4518652966766601 -0.020677077051740912
0.4504902744094153 -0.01892357422060802
0.4494054381950656 -0.01694705590269858
0.4484562176945205 -0.01479053916823157
0.4476311429633253 -0.012592193527163337
0.44687634459507986 -0.01031743373652666
0.4461689296579813 -0.00796772753524179
0.445521312033232 -0.005619341707880408
0.4448964103418033 -0.003190075977539176
0.44430527566446854 -0.000739883697206266
0.4437312221018671 0.0017807381743100736
0.44318883626457506 0.004292468690135501
0.44265826924364376 0.006863448642758441
0.442143522628186 0.009471470183253913
0.44165809684464175 0.012028647745651771
0.4411759386804439 0.014663812529789088
0.44070036371905363 0.01735561774288689
0.440239883349823 0.020049544863962997
0.4398033682659548 0.022676387264734112
0.43934406614109567 0.025522787108836462
0.4389126699379934 0.02827207160543519
0.43848220485491296 0.031086887355767732
0.43807009417791387 0.033848566219382537
0.43765294609056976 0.036709584045638295
0.43724587693142003 0.0395648943771525
0.43684637444625873 0.04242723474301805
0.4364442783834066 0.04536941028992969
0.4360464895074204 0.04833717071370632
0.4356614164883915 0.05126255978198832
0.43527074633088325 0.05428721326187872
0.43489820049934513 0.057223549736271334
0.4345132585793141 0.06030764998616763
0.4341427568163767 0.06332567460589848
0.43377426853887424 0.06637348851920727
0.433407764616227 0.06945547824189714
0.43303508378803723 0.0726298899523898
0.43266346557609536 0.07584509091273607
0.4323021505530784 0.07901772670223756
0.4319396425438953 0.08223880674559832
0.4315903114675509 0.08538588416709172
0.43123166524862294 0.08865867234616788
0.4308686272370459 0.09201245907451634
0.4305191225074645 0.0952809834647976
0.4301629182184718 0.09865492120659572
0.4298280807202502 0.10185581872901976
0.42947019770524064 0.1053194529767161
0.4291123756162435 0.10881825321358982
0.428764625676088 0.11225682445350245
0.428423607083922 0.11566351326983033
0.4280707836065804 0.11922355875075624
0.4277291507742539 0.12270494938222072
0.42738395310314453 0.12625608064398536
0.4270359099358634 0.1298728424820638
0.42669555768999334 0.13343736526860606
0.42634784785284363 0.1371160952840635
0.42600400543120454 0.1407807941778108
0.4256601652410234 0.1444796872971657
0.42531786065246796 0.14819278385965962
0.4249752356185732 0.1519383851296475
0.42463106932533623 0.15573193943777264
0.4242911738813423 0.15950619891524057
0.4239494349720001 0.1633309087980621
0.42359757128326914 0.1672967474237559
0.4232555432265449 0.1711847609853591
0.42290951240799945 0.17513783362967714
0.42256718384287245 0.17908338381763414
0.42222078045696676 0.18309475102648767
0.4218741040872295 0.187139774014018
0.4215366589390757 0.19110504505936862
0.42117868441293005 0.1953328206935736
0.4208313031184341 0.19946256558385833
0.4204785443666601 0.20368150456693473
0.42012810204319784 0.20789772128246156
0.4197824135466756 0.21208112199492132
0.4194273694650192 0.21640010275293634
0.41907328538844746 0.22073267805033675
0.41871942257916317 0.22508267178585992
0.41837178862815116 0.2293795611727573
0.41800798698226393 0.23389788234807873
0.4176519747656253 0.23834161259303602
0.41731168599177015 0.24260922444270153
0.41693345090965106 0.24737303807167174
0.4165778442241772 0.2518729197454544
0.41620673099506844 0.25659005519064637
0.41585420702461207 0.26108970882503163
0.41548329485161883 0.2658408824700948
0.415099899684119 0.2707728236053959
0.41473170219873284 0.27552867290305094
0.41435660093068305 0.2803911865359554
0.41398845144136587 0.28518195500025145
0.41360448956042756 0.2901901067607579
0.4132248699210919 0.29516136106265894
0.4128438208932214 0.300166665766855
0.4124592354004665 0.3052338220440312
0.4120997787358335 0.3099830571755447
0.4116904268357058 0.3154069850620871
0.4112944425924305 0.3206663023008814
0.41090904949102997 0.3257983640700829
0.41050510179521726 0.3311897387040101
0.41012524292735264 0.33627090555400924
0.4097134530765152 0.3417895431448165
0.409303146167581 0.3472992042654992
0.40891191821519035 0.3525643175609476
0.2580321403513013 0.35682174535730804
0.2580321403513013 0.35682174535730804
0.2580321403513013 0.35682174535730804
0.2580321403513013 0.35682174535730804
0.2580321403513013 0.35682174535730804
0.2580321403513013 0.35682174535730804
0.2580321403513013 0.35682174535730804
0.2580321403513013 0.35682174535730804
0.2580321403513013 0.35682174535730804
0.2580321403513013 0.35682174535730804
0.2580321403513013 0.35682174535730804
0.2580321403513013 0.35682174535730804
0.2580321403513013 0.35682174535730804
0.2580321403513013 0.35682174535730804
0.2580321403513013 0.35682174535730804
0.2580321403513013 0.35682174535730804
0.2580321403513013 0.35682174535730804
0.2580321403513013 0.35682174535730804
0.2580321403513013 0.35682174535730804
0.2580321403513013 0.35682174535730804
0.2580321403513013 0.35682174535730804
0.2580321403513013 0.35682174535730804
0.2580321403513013 0.35682174535730804
0.2580321403513013 0.35682174535730804
0.2580321403513013 0.35682174535730804
0.2580321403513013 0.35682174535730804
0.2580321403513013 0.35682174535730804
0.2580321403513013 0.35682174535730804
0.2580321403513013 0.35682174535730804
0.2580321403513013 0.35682174535730804
0.2580321403513013 0.35682174535730804
0.2580321403513013 0.35682174535730804
0.2580321403513013 0.35682174535730804
0.2580321403513013 0.35682174535730804
0.2580321403513013 0.35682174535730804
0.2580321403513013 0.35682174535730804
0.2580321403513013 0.35682174535730804
0.2580321403513013 0.35682174535730804
0.2580321403513013 0.35682174535730804
0.2580321403513013 0.35682174535730804
0.2580321403513013 0.35682174535730804
0.2580321403513013 0.35682174535730804
0.2580321403513013 0.35682174535730804
0.2580321403513013 0.35682174535730804
0.2580321403513013 0.35682174535730804
0.2580321403513013 0.35682174535730804
0.2580321403513013 0.35682174535730804
0.2580321403513013 0.35682174535730804
0.2580321403513013 0.35682174535730804
0.25715282857177274 0.35692458456493337
0.2549403807346638 0.35808252200774837
0.2530020672209483 0.3601446949285634
0.2512870132429411 0.36277357840798236
0.24971111897654882 0.3658440210336161
0.24822154002450794 0.3693126518144067
0.2468590170789393 0.3729582875472061
0.2455192433300436 0.37697469700510317
0.24426127863572614 0.3811271983343806
0.2430559665095576 0.3854446222631322
0.24186365382050534 0.3900339911750749
0.24072053034554453 0.3947241940211179
0.23961888265606046 0.399506132023159
0.23851806575924964 0.40453439299361194
0.23744312387525413 0.409678829389165
0.23638718360561867 0.41495141913859146
0.23537712232980113 0.42019130553138484
0.23433051540867578 0.4258175706270233
0.23332041319706212 0.43143098025191146
0.23233037842717963 0.4371015362734363
0.23131020891771534 0.44311293382508776
0.23032935703875163 0.44904744558546156
0.22937042842163907 0.4549900736725851
0.2283767499320556 0.46128862915585994
0.2274329661529119 0.4673975037218311
0.226455412347496 0.4738487911117209
0.22547037403026787 0.4804705071672022
0.2245016104052889 0.48709490195866156
0.22352373321853775 0.49388781700154905
0.2225733411311538 0.5005857902019201
0.2215960243410271 0.5075656946203527
0.22060285428388374 0.5147477419039349
0.2196344563039283 0.5218302556029134
0.21863825214737237 0.5291911677614005
0.21768745167493342 0.5362810372241685
0.21665958334545354 0.5440090472043027
0.2156883356776747 0.5513649965141422
0.21464842374483534 0.5592910595788402
0.21362607763844538 0.5671259680433812
0.2126035770248345 0.5749966448451657
0.21156377955930725 0.5830279733523769
0.2105422216857385 0.5909376590835185
0.20946935342971307 0.599256777602393
0.20840331455290165 0.6075267568157058
0.20729520058086384 0.6161180162348422
0.20620020366735528 0.6245933114456701
0.2051095794485973 0.6330116769438624
0.20391594982410957 0.6421883161710458
0.2027805433883208 0.6508715777998637
0.20159202308381324 0.6599026266077765
0.20042019414223528 0.6687379827938036
0.1992148329212581 0.6777441011679601
0.197966521105456 0.6869720242479685
0.1967232270519508 0.6960511734612267
0.1954186409865167 0.7054458245593743
0.19410017176243827 0.7147904532058174
0.19275371587147774 0.7241648831713522
0.19137062575569977 0.7336037003419651
0.18996452779265066 0.7429879065968249
0.18851361012625728 0.7524335672497987
0.187013513083255 0.7619310438820526
0.18547335900753598 0.7713833721514994
0.18390984765488916 0.7806546418067076
0.18228572563827816 0.7899242264383783
0.1806475674024537 0.7988867222054581
0.08413725405490033 0.8003324195331692
0.08413725405490033 0.8003324195331692
0.08413725405490033 0.8003324195331692
0.08413725405490033 0.8003324195331692
0.08413725405490033 0.8003324195331692
0.08413725405490033 0.8003324195331692
0.08413725405490033 0.8003324195331692
0.08413725405490033 0.8003324195331692
0.08413725405490033 0.8003324195331692
0.08413725405490033 0.8003324195331692
0.08413725405490033 0.8003324195331692
0.08413725405490033 0.8003324195331692
0.08413725405490033 0.8003324195331692
0.08413725405490033 0.8003324195331692
0.08413725405490033 0.8003324195331692
0.08413725405490033 0.8003324195331692
0.08413725405490033 0.8003324195331692
0.08413725405490033 0.8003324195331692
0.08413725405490033 0.8003324195331692
0.08413725405490033 0.8003324195331692
0.08413725405490033 0.8003324195331692
0.08413725405490033 0.8003324195331692
0.08413725405490033 0.8003324195331692
0.08413725405490033 0.8003324195331692
0.08413725405490033 0.8003324195331692
0.08413725405490033 0.8003324195331692
0.08413725405490033 0.8003324195331692
0.08413725405490033 0.8003324195331692
0.08413725405490033 0.8003324195331692
0.08413725405490033 0.8003324195331692
0.08413725405490033 0.8003324195331692
0.08413725405490033 0.8003324195331692
0.08413725405490033 0.8003324195331692
0.08250185213135774 0.8004849126576336
0.07993469010326948 0.8013049318998892
0.07735278075860563 0.8028545853025025
0.07487270260474105 0.8050325491927143
0.07238584992758197 0.807894224253879
0.06994914158603764 0.8113511402276752
0.06753676729442337 0.8154006526686076
0.0651261430420863 0.8200571513809025
0.06279206703072208 0.8251307683502342
0.06041467194981874 0.8308507651469728
0.058073155403941895 0.8370076858531347
0.055766514485985574 0.843557592111273
0.05337824687641593 0.8508200511285366
0.05109985337251462 0.8581782710746493
0.04875404991868443 0.8661650046303657
0.04638588383387025 0.8746215486561433
0.0440050596405226 0.8834920156289583
0.04167172908378712 0.89251561630854
0.03924718776720782 0.9022090897654471
0.03669208984473715 0.9127438688916876
0.034404929272402435 0.922428454461572
0.031970205725909605 0.9329818984083066
0.029398259922932345 0.944387167748653
0.0268727669904478 0.9558352075126031
0.02446908613527885 0.9669630526392774
0.021850297627353736 0.9793637438698357
0.019281089109719818 0.991852878097393
0.016653121653560747 1.0050383228650916
0.013918752853674624 1.0193445850503275
0.011262382527957818 1.0340581341754562
0.008397754560499945 1.0513165285546031
0.005721187095871466 1.069656392812413
0.002852877617110408 1.0942780046892917
0 1.1518579540150882
